x	6	6	6	6	6	6	6	x	10	10	10	10	10	x	11	x	11	11	11	11	x	1	1	1	1	1	1	x	x	2	2	2	2	x	12	12	12	12	12	x	3	3	3	3	3	3	3	3	x	4	4	x	x	16	16	16	x	7	7	7	7	7	7	7	7	7	7	7	x	8	8	8	8	8	8	8	8	8	8	x	17	17	17	x	9	9	9	x	13	13	13	13	13	13	x	5	5	5	5
14	x	x	6	6	6	x	6	6	x	10	10	10	x	11	11	11	11	11	11	x	1	1	1	1	1	1	x	18	18	x	2	2	2	x	12	12	12	12	x	3	3	3	3	3	3	3	3	3	3	x	x	16	16	16	16	16	16	x	7	7	7	7	x	7	7	7	7	7	x	8	8	8	8	8	8	8	8	x	x	17	17	17	x	17	x	9	x	x	13	13	13	13	13	x	5	5	5	5	5
14	14	14	x	6	x	22	x	6	6	x	10	10	10	x	11	11	11	11	11	11	x	1	1	x	1	x	18	18	18	18	x	2	2	x	12	12	x	12	x	3	x	3	3	3	3	3	3	x	x	15	x	x	16	16	16	16	16	16	x	7	7	x	24	x	7	7	7	7	7	x	8	8	8	8	8	8	8	8	8	x	17	17	17	17	x	x	13	13	13	13	13	13	13	13	x	5	5	5	5
14	14	14	14	x	22	22	22	x	x	10	10	10	x	11	11	11	11	11	11	11	11	x	1	x	x	18	18	18	18	18	18	x	2	x	12	x	23	x	x	x	23	x	3	x	3	3	3	x	15	15	15	15	x	16	16	16	16	16	x	x	x	24	24	24	x	7	7	7	7	x	8	8	8	8	8	8	8	8	x	17	17	17	17	x	20	x	x	13	x	13	13	13	13	x	5	5	5	5	5
14	14	14	x	22	x	22	22	x	10	10	10	10	10	x	11	11	11	11	11	11	x	x	1	x	18	18	18	18	18	18	18	18	x	x	x	23	23	x	23	x	23	23	x	x	x	3	x	x	x	15	x	x	16	16	16	16	16	x	24	x	24	24	24	24	24	x	x	7	x	19	x	8	8	x	8	8	8	x	17	17	17	17	x	20	20	20	20	x	13	13	13	13	13	13	x	5	5	5	5
14	14	x	22	22	22	22	22	22	x	10	10	10	10	x	11	x	11	11	x	x	21	21	x	x	18	18	18	18	18	18	18	18	18	x	23	23	23	23	23	23	23	x	23	x	x	x	x	x	27	x	27	x	16	16	x	16	x	24	24	24	x	24	24	24	24	24	x	x	19	19	19	x	8	x	x	8	x	x	x	x	17	x	20	20	20	20	20	20	x	13	x	13	13	13	13	x	5	x	5
14	x	22	22	22	22	22	22	22	22	x	x	10	10	x	x	11	11	11	x	21	21	21	21	21	x	18	18	18	18	18	18	18	x	x	x	23	23	23	23	23	23	23	23	x	x	x	x	27	27	27	27	27	x	x	27	x	24	24	24	24	24	24	24	24	24	24	x	x	19	19	x	25	x	25	25	x	25	x	25	x	17	x	x	x	20	20	20	20	20	x	x	13	13	13	13	x	x	x	x
x	22	x	22	22	22	22	22	22	22	22	x	10	x	x	32	x	11	x	x	21	21	21	21	x	18	18	18	18	18	18	x	x	x	23	23	23	23	23	23	23	23	23	23	23	23	23	x	27	27	27	27	27	27	x	27	27	x	24	24	24	24	24	24	24	24	24	24	x	x	x	25	25	25	25	25	25	25	25	25	x	x	26	x	20	20	20	20	20	20	20	20	x	13	13	x	30	x	30	x
22	22	22	22	22	22	22	22	22	22	x	x	x	x	32	32	32	x	32	32	x	21	21	21	x	18	18	18	18	18	18	18	x	x	x	23	23	23	23	23	23	23	23	23	23	23	x	x	27	27	27	27	27	27	27	27	27	27	x	24	24	24	24	24	24	24	24	24	x	29	x	x	25	25	25	25	25	25	25	25	x	26	26	26	x	20	x	20	20	20	20	20	20	x	x	30	30	x	30	30
22	22	22	22	22	22	22	22	22	22	22	x	x	x	32	32	32	32	32	x	x	21	x	x	x	18	18	18	18	18	18	x	35	35	x	23	23	23	23	23	23	23	23	23	23	23	23	x	27	27	27	27	27	27	27	27	27	x	24	24	24	24	24	24	24	24	24	x	29	29	29	x	25	25	25	25	25	25	25	25	25	x	26	x	36	x	20	20	20	x	20	20	20	20	20	x	30	30	30	x
x	22	22	22	22	22	22	22	22	22	22	x	x	32	32	32	32	32	32	x	32	x	28	28	28	x	18	18	x	18	x	35	35	x	23	23	23	23	23	23	23	23	23	23	23	23	x	27	27	27	27	27	27	27	27	27	x	24	24	24	24	24	24	24	24	24	x	29	29	29	x	25	25	25	25	x	25	25	25	x	x	x	x	36	36	36	x	20	x	37	x	20	20	20	x	30	30	30	30	30
x	22	22	22	22	22	22	22	22	22	x	32	32	32	32	32	32	32	32	32	32	x	x	28	28	28	x	18	x	x	35	35	35	35	x	23	23	23	23	23	23	23	23	x	23	x	x	27	27	27	27	27	27	27	27	27	x	x	24	x	24	24	24	24	24	x	29	29	29	x	25	25	25	25	25	25	x	25	x	x	36	x	36	36	36	36	36	x	37	37	37	x	20	x	30	30	30	30	30	30
31	x	x	x	22	x	x	22	22	22	x	x	32	32	32	32	32	32	32	32	32	32	32	x	28	x	x	x	35	35	35	35	35	35	35	x	x	x	23	23	23	23	23	23	x	44	x	x	27	27	27	27	27	27	27	27	x	33	x	33	x	24	x	24	x	29	29	29	29	29	x	25	25	25	25	25	25	x	x	36	36	36	36	36	36	36	36	x	x	37	37	37	x	x	30	30	30	30	30	30
31	x	43	x	x	x	43	x	22	x	x	32	32	32	32	32	32	32	32	32	32	32	32	x	x	35	35	35	35	35	35	35	35	35	35	x	x	40	x	23	23	23	x	x	44	44	44	44	x	27	27	27	x	27	27	x	33	33	33	33	33	x	x	x	29	29	29	29	29	29	29	x	25	25	x	25	25	x	x	36	36	36	36	36	36	36	36	36	36	x	37	37	x	39	x	30	30	30	30	30
x	43	43	x	43	43	43	x	x	34	34	x	x	32	32	32	32	32	32	32	32	32	32	32	x	x	35	x	35	35	35	35	35	35	35	35	x	40	40	x	23	x	x	44	44	44	44	44	44	x	27	x	x	x	x	33	33	33	33	33	33	x	x	29	29	29	29	29	29	x	x	x	25	x	x	25	x	36	36	36	36	36	36	36	36	36	36	x	x	37	37	x	39	39	x	30	30	x	30	x
43	43	43	43	43	43	43	43	43	x	x	32	32	32	32	32	32	32	32	32	32	32	32	x	38	38	x	35	35	35	35	35	35	x	35	x	40	40	40	40	x	48	x	44	44	44	44	44	44	44	x	44	44	x	33	33	x	33	33	33	x	46	46	x	29	29	29	29	29	x	42	42	x	x	47	x	x	x	36	36	36	36	36	36	36	36	x	50	x	37	x	39	39	39	39	x	x	39	x	39
43	43	43	43	43	43	43	43	43	43	x	x	x	32	32	32	32	32	32	32	32	32	x	38	38	38	38	x	x	x	35	35	35	35	x	40	40	40	x	x	48	48	48	x	44	44	44	44	44	44	44	44	44	44	x	x	41	x	33	x	46	46	46	46	x	29	29	29	x	42	42	x	47	x	47	47	x	36	36	36	36	36	36	36	36	x	50	50	x	x	x	x	39	39	39	39	39	39	39	39
43	43	43	43	43	43	43	43	43	x	45	45	45	x	32	32	32	x	32	32	32	32	x	38	38	38	x	x	51	51	x	x	35	35	35	x	x	x	48	x	48	48	48	48	x	44	44	44	44	44	44	44	44	x	44	x	41	x	x	46	46	46	46	46	46	x	29	x	42	42	x	47	47	47	47	47	47	x	36	36	36	36	x	36	x	50	50	50	x	50	x	x	x	39	39	39	39	39	39	39
43	43	43	43	43	43	43	43	43	43	x	45	45	45	x	32	32	x	32	32	32	x	38	38	38	x	51	51	51	51	x	51	x	x	x	x	48	48	48	48	48	48	48	x	48	x	44	44	44	44	44	44	44	44	44	44	x	46	46	46	46	46	46	46	46	46	x	x	42	x	47	47	47	47	47	47	47	47	x	36	36	36	x	x	50	50	50	50	50	50	50	x	50	x	39	39	39	39	39	39
x	43	43	43	43	43	43	43	43	x	45	45	45	45	x	32	x	53	x	32	x	x	x	38	x	51	51	51	51	51	51	51	51	51	x	48	x	48	48	48	48	48	48	48	48	x	x	44	44	44	44	44	x	44	44	x	x	46	46	46	46	46	46	46	46	46	46	46	x	47	47	47	47	47	47	47	47	x	x	x	36	x	49	49	x	50	50	50	50	50	50	50	50	50	x	39	39	39	39	39
43	43	43	43	43	43	43	x	x	45	45	45	45	45	45	x	53	53	53	x	x	53	x	x	51	51	51	51	51	51	51	51	51	x	48	48	48	48	48	48	48	48	48	48	48	48	48	x	44	44	44	44	44	44	x	52	52	x	46	46	46	46	46	46	46	46	46	x	47	47	47	47	47	47	47	47	x	55	55	x	x	49	49	x	50	50	50	50	50	50	50	50	50	x	50	x	39	39	39	x
43	43	43	43	43	43	43	43	x	45	45	45	45	45	x	53	53	53	53	53	x	53	x	x	x	51	51	51	51	51	51	51	51	51	x	x	48	48	48	x	48	48	48	48	48	48	x	44	44	x	44	44	x	x	52	52	x	57	x	x	x	46	46	46	46	46	46	46	x	x	47	47	47	47	x	x	55	55	55	55	x	49	49	49	x	x	50	50	50	50	50	50	50	50	50	50	x	x	x	x
43	43	43	43	43	43	43	x	45	45	45	45	45	x	53	53	53	53	53	53	53	53	53	x	x	51	51	51	51	51	51	51	51	51	51	x	x	48	x	63	x	x	48	48	48	x	x	44	44	44	x	x	52	52	52	x	57	57	x	57	57	x	x	46	x	46	46	x	54	x	47	47	47	x	55	55	55	55	55	x	55	x	49	49	x	50	50	50	50	50	50	50	x	50	x	x	x	x	61	x
x	43	43	43	43	43	x	x	x	45	45	x	x	53	53	53	53	53	53	53	53	53	53	53	53	x	x	51	51	51	51	51	51	51	51	51	x	x	63	63	63	63	x	x	x	60	60	x	44	x	60	60	x	52	x	57	57	57	57	57	57	57	57	x	54	x	x	54	54	54	x	x	47	x	x	55	55	55	55	55	55	55	x	49	49	x	50	50	50	50	50	50	50	x	61	61	x	61	61	61
59	x	43	43	43	x	x	x	62	x	45	x	56	x	53	53	53	53	53	53	53	53	53	53	x	x	51	51	51	51	51	51	51	51	51	x	x	63	63	63	63	63	63	63	x	60	60	60	x	60	60	60	60	x	57	57	57	57	57	57	57	57	x	54	54	54	54	54	54	54	x	67	x	x	55	55	55	55	x	55	55	x	49	49	x	50	50	50	x	50	50	50	x	61	61	61	61	61	61	61
59	59	x	43	x	59	59	x	62	62	x	56	56	x	53	53	53	53	53	53	53	53	53	x	58	58	x	51	51	51	x	51	51	51	x	x	63	63	63	63	63	63	63	63	63	x	60	60	60	60	60	60	60	60	x	57	57	57	57	x	57	x	54	54	54	54	54	54	54	x	67	67	x	55	55	55	55	x	68	x	x	x	49	49	49	x	50	x	70	x	50	50	x	61	61	61	61	61	61	61
59	59	59	x	59	59	x	62	62	62	62	x	x	53	53	53	53	53	53	53	53	53	x	x	58	x	x	51	51	x	71	x	51	51	x	63	x	63	63	63	63	63	63	63	x	60	60	60	60	60	60	60	60	x	57	57	57	57	x	69	x	69	x	54	54	54	54	54	x	67	67	67	67	x	55	55	x	68	68	x	68	68	x	49	49	x	x	70	70	70	x	x	x	x	61	61	61	61	61	61
59	59	59	59	59	x	62	62	62	62	62	62	x	x	53	53	53	53	53	53	53	53	x	66	x	71	x	x	x	71	71	71	x	x	63	63	63	63	63	63	63	63	63	63	63	x	60	60	60	60	60	x	x	64	x	57	57	x	x	69	69	69	69	x	x	54	54	x	67	67	67	67	67	67	x	x	68	68	68	68	68	68	68	x	x	x	70	70	70	70	70	70	x	70	x	61	61	61	61	61
59	59	x	59	x	72	x	62	62	62	62	62	x	65	x	53	x	53	53	x	53	x	66	66	x	71	71	71	x	71	71	71	71	x	x	63	63	63	63	63	63	63	63	63	63	63	x	60	60	x	60	x	64	64	64	x	x	69	x	69	69	69	69	69	x	x	x	67	x	67	67	67	67	67	x	68	68	68	68	68	68	68	x	x	x	70	70	70	70	70	70	70	70	70	70	x	61	61	61	x
59	x	72	x	72	72	72	x	62	62	62	62	x	65	65	x	x	53	x	66	x	66	66	x	71	x	71	x	71	x	71	71	71	x	63	63	63	63	63	63	63	63	63	63	63	63	63	x	60	60	x	64	64	64	64	x	69	69	69	69	69	69	69	69	69	x	67	67	67	67	67	67	67	67	67	x	68	68	68	68	68	68	x	70	x	70	70	70	70	70	70	70	70	70	x	70	x	61	61	61
x	x	72	72	x	72	72	72	x	62	62	x	x	65	65	65	x	x	66	66	66	66	x	71	71	71	71	71	71	71	71	71	71	x	x	63	63	x	63	63	63	63	63	63	63	63	63	63	x	60	x	64	64	64	x	69	69	69	69	69	69	69	69	69	69	x	67	67	67	67	67	67	67	67	x	68	68	68	68	68	68	x	70	70	70	70	70	70	70	70	70	70	70	70	70	70	70	x	61	61
72	72	72	72	72	72	72	72	72	x	62	x	84	x	65	x	66	66	66	66	66	66	66	x	71	71	71	71	71	71	71	71	71	71	x	x	63	63	63	63	63	63	63	63	63	63	63	x	x	x	75	x	x	64	64	x	x	69	69	69	69	69	69	69	x	x	x	67	67	67	67	67	67	67	x	68	68	68	68	68	68	68	x	70	70	x	70	70	70	70	70	70	70	70	70	70	x	x	61	x
72	72	72	72	72	72	72	x	x	x	x	84	84	84	x	x	x	66	x	66	66	66	x	71	x	71	71	71	71	71	71	71	71	71	71	x	x	63	x	63	63	63	63	63	63	63	x	x	75	75	75	75	75	x	x	x	77	x	x	x	69	69	69	x	81	x	x	x	67	67	67	67	67	67	x	68	68	68	68	68	68	68	x	x	x	70	70	70	70	70	70	70	70	70	70	70	70	x	x	76
72	72	72	72	72	72	72	72	x	x	84	84	84	84	84	x	73	x	66	66	66	x	71	71	71	71	71	71	71	71	71	71	71	71	x	80	80	x	x	x	63	63	x	63	x	x	x	75	75	75	75	75	75	x	77	77	77	77	77	77	x	69	x	81	81	81	x	81	x	67	67	67	67	67	67	x	x	68	68	68	x	x	78	x	70	70	70	70	70	70	70	70	70	70	70	70	x	76	76	76
72	72	72	72	72	72	72	72	72	x	84	84	84	84	84	x	73	73	x	x	66	x	x	71	71	71	71	71	71	71	71	71	71	x	80	80	80	80	80	x	63	63	63	x	74	74	74	x	x	75	75	75	x	77	77	77	77	77	77	x	77	x	x	81	81	81	81	81	81	x	67	x	67	67	67	x	x	x	68	68	x	78	78	78	x	x	70	70	70	70	70	70	70	70	70	x	76	76	76	76
72	72	72	72	72	72	72	72	x	x	x	84	84	84	x	84	x	73	73	73	x	x	79	x	x	71	71	71	71	x	71	71	x	80	80	80	80	80	80	x	x	63	x	74	74	x	74	x	75	75	75	x	77	77	77	77	77	77	77	77	77	x	81	81	81	81	81	81	81	81	x	81	x	67	x	x	85	x	68	x	78	78	78	78	78	x	70	70	x	70	70	70	70	70	x	83	x	x	76	76
72	72	72	72	72	72	72	72	72	72	72	x	84	84	84	84	84	x	73	73	x	79	79	79	x	x	x	71	x	x	71	x	80	80	80	80	80	80	80	80	x	x	91	x	x	91	x	x	x	x	x	77	77	77	77	77	77	77	77	77	77	x	81	81	81	81	81	81	81	x	81	81	81	x	85	85	85	85	x	85	x	78	78	78	78	78	x	x	x	70	x	70	70	x	83	83	x	x	x	76
x	72	72	72	72	72	72	72	72	x	x	84	84	84	84	84	84	x	73	x	x	79	79	79	79	79	79	x	x	80	x	80	80	80	80	80	80	80	80	80	x	x	91	x	91	91	x	x	x	x	92	x	77	77	77	77	77	77	77	77	x	81	81	81	81	81	81	81	81	81	81	81	x	85	85	85	85	85	85	85	85	x	78	78	78	x	82	82	82	x	x	70	x	83	83	x	89	x	89	x
87	x	72	72	72	72	72	72	x	84	84	84	84	84	84	84	x	90	x	x	90	x	79	79	x	x	79	x	80	80	80	80	80	80	80	80	80	80	x	x	91	91	91	91	91	91	91	91	x	92	92	92	x	x	77	x	77	77	77	77	x	x	81	81	81	81	81	81	81	81	81	81	81	x	85	85	85	85	85	85	x	x	78	78	x	88	x	82	82	82	x	x	83	83	x	89	89	89	89	89
87	87	x	72	x	72	72	72	x	x	84	84	84	84	84	x	x	90	x	90	90	90	x	x	96	96	x	x	x	80	80	80	80	80	80	80	80	x	91	91	91	91	91	91	91	91	91	91	91	x	92	92	92	x	77	77	77	77	x	x	86	x	81	x	x	x	x	81	x	81	81	81	81	81	x	85	85	85	85	85	x	93	x	x	88	88	88	x	82	x	83	83	83	x	89	89	89	89	89	89
87	87	87	x	87	x	x	x	87	87	x	84	84	84	x	90	90	90	90	90	90	90	90	x	96	96	96	x	80	80	80	x	80	80	80	80	80	x	91	91	91	91	91	91	91	91	91	91	91	91	x	92	92	92	x	77	77	77	x	86	86	86	x	x	95	95	95	x	95	x	81	x	81	x	85	85	85	85	x	x	x	93	x	88	88	88	x	x	x	83	83	83	83	83	x	89	89	89	89	89
87	87	87	87	87	87	87	87	87	87	x	84	84	x	90	90	90	90	90	90	90	90	90	x	96	96	96	96	x	80	x	80	80	80	x	80	80	x	91	91	91	91	91	91	91	91	91	91	91	91	x	92	92	92	92	x	77	x	86	86	86	86	x	95	95	95	95	95	95	95	x	x	x	85	85	85	85	85	x	93	93	93	93	x	88	88	88	x	83	83	83	83	83	x	89	89	89	89	89	89
87	87	87	87	87	87	87	87	87	x	84	84	84	84	x	90	90	90	90	90	90	90	90	x	96	96	96	96	96	x	94	x	80	x	80	80	x	91	91	91	91	91	91	91	91	91	91	91	x	91	x	92	92	92	92	x	x	x	x	x	x	x	95	95	95	95	95	95	95	95	95	x	85	85	85	85	85	x	93	93	93	93	x	88	88	88	88	88	x	83	83	83	x	89	89	89	89	89	89	89
87	87	87	87	87	87	87	87	x	84	84	84	84	x	90	90	90	90	90	90	90	90	90	90	x	96	96	96	x	94	94	94	x	x	x	x	91	91	91	91	91	91	91	91	91	91	91	91	91	x	x	x	92	92	x	100	100	100	x	101	101	101	x	95	95	95	95	95	95	95	x	x	85	85	85	x	85	85	x	x	93	x	x	x	88	88	88	x	97	x	83	83	83	x	89	89	89	89	89	x
87	87	87	x	87	87	87	87	x	84	84	84	84	84	x	90	90	90	90	90	90	90	90	x	96	96	96	x	113	x	94	94	x	110	x	x	x	91	91	x	91	91	91	91	91	91	91	91	91	x	105	105	x	x	100	100	100	100	x	101	101	101	x	95	95	95	95	95	95	x	x	x	x	85	x	85	85	85	x	x	93	x	103	103	x	88	x	x	97	97	x	x	x	x	x	89	89	89	x	x
87	87	87	87	87	x	87	x	98	x	84	x	84	84	84	x	90	x	x	90	90	90	x	96	96	96	x	113	113	113	x	x	110	110	x	x	x	x	91	x	91	x	91	91	91	91	91	91	x	105	105	105	105	x	100	100	100	100	100	x	101	101	x	95	x	95	95	95	x	114	x	102	102	x	x	85	85	85	x	103	x	103	103	103	103	x	106	106	x	x	111	111	111	x	107	x	89	x	107	x
87	x	87	87	x	x	x	98	98	98	x	84	84	84	x	99	x	109	109	x	90	x	96	96	96	x	113	113	113	113	x	110	110	110	110	110	x	x	x	91	91	91	91	91	91	91	91	x	105	105	105	105	105	x	100	100	100	100	100	100	x	101	101	x	x	x	95	x	x	114	114	x	102	102	102	x	85	x	103	103	103	103	103	103	x	106	106	106	x	x	x	111	x	107	107	107	x	107	107	107
x	108	x	87	x	x	x	x	98	98	98	x	84	x	99	99	99	x	109	109	x	x	96	x	x	113	113	113	113	x	110	110	110	110	110	110	110	x	x	x	x	x	91	91	x	91	x	105	105	105	105	x	x	100	100	100	100	100	100	100	x	101	101	101	x	114	x	114	114	114	114	x	102	102	102	102	x	103	103	103	103	103	103	x	x	106	106	106	106	x	111	111	111	x	x	107	107	107	x	x
108	108	108	x	108	108	108	108	x	98	x	x	x	x	99	99	x	116	x	109	109	109	x	104	104	x	113	113	113	113	x	110	110	110	110	110	110	110	x	118	118	118	x	91	x	91	x	105	x	105	x	112	x	100	100	100	100	100	100	100	100	x	101	x	114	114	114	114	114	114	x	114	x	x	102	x	x	x	103	103	103	103	x	106	106	106	106	106	106	106	x	111	111	x	125	x	107	x	115	x
108	108	108	108	108	108	108	108	108	x	123	x	123	x	x	x	116	116	116	x	109	x	x	x	x	113	113	113	113	113	113	x	110	110	110	110	110	x	118	118	118	118	118	x	118	x	118	x	112	x	112	112	x	x	100	100	100	100	100	100	100	100	x	x	x	114	114	114	114	114	114	114	114	114	x	121	x	121	x	103	103	x	x	x	106	106	106	x	106	x	111	111	x	125	125	125	x	115	115	115
108	108	108	108	108	108	108	x	x	123	123	x	123	123	x	116	116	116	116	116	x	116	116	116	x	x	113	113	113	113	113	113	x	110	110	110	x	118	118	118	118	118	118	118	118	118	118	x	112	112	112	112	112	112	x	100	100	100	100	100	x	x	x	x	114	114	114	114	114	114	114	x	114	x	121	121	121	121	121	x	x	129	x	x	x	106	x	x	x	111	111	x	125	125	125	x	115	115	115	115
108	x	108	108	108	108	x	123	x	x	123	123	123	x	116	x	116	116	116	116	116	116	116	116	116	x	x	x	x	113	113	x	124	x	110	x	118	118	118	118	118	118	118	118	118	118	118	x	112	112	112	112	x	x	100	100	100	100	x	x	120	120	x	114	x	114	114	114	114	114	114	114	x	x	121	121	121	121	121	x	129	129	129	x	129	x	x	x	x	111	111	x	125	125	125	125	x	115	115	115
108	108	108	108	108	x	123	123	x	123	123	123	x	116	116	116	116	116	116	116	116	116	116	116	x	117	117	x	124	x	x	124	124	124	x	x	x	118	118	118	118	118	118	118	118	118	118	118	x	x	112	x	119	119	x	100	100	x	120	120	120	x	114	114	114	114	114	114	114	114	114	114	114	x	121	x	121	121	121	x	129	129	129	129	129	129	129	129	x	x	x	138	x	125	125	x	115	115	115	115
108	x	108	108	x	123	123	123	123	123	123	123	123	x	116	x	116	116	116	116	116	116	116	116	x	117	x	x	124	x	124	124	124	124	124	x	118	x	118	118	118	118	118	118	118	118	118	118	x	x	112	x	119	x	127	x	x	x	120	120	120	120	x	114	114	114	114	114	114	114	114	114	x	121	121	121	121	121	x	128	x	129	129	129	129	129	129	129	x	x	138	138	138	x	125	125	x	115	115	115
x	122	x	108	x	x	x	123	123	123	123	123	123	123	x	x	116	116	116	116	116	116	116	116	x	x	124	124	124	124	124	124	124	124	x	x	118	118	118	118	118	118	118	118	118	118	118	x	x	131	x	131	x	127	127	127	127	127	x	120	120	120	120	x	x	114	114	114	114	114	114	x	x	x	121	121	121	x	128	128	128	x	129	129	129	129	129	129	x	138	138	138	138	x	125	125	125	x	115	x
122	122	122	x	x	x	134	x	x	123	123	123	123	123	123	x	116	116	116	116	116	116	116	x	126	126	x	x	124	124	124	124	124	124	x	x	118	118	118	118	118	118	118	118	118	118	118	118	x	131	131	131	x	x	127	127	127	127	127	x	120	x	120	120	x	114	114	x	114	x	x	137	137	137	x	121	121	x	128	128	128	128	x	129	129	129	129	129	129	x	138	138	138	138	x	x	125	x	x	130
122	122	122	x	x	134	134	134	134	x	123	123	123	123	x	135	x	116	116	116	116	116	x	x	x	126	x	140	x	124	x	124	124	x	x	x	x	118	118	118	118	118	118	118	118	118	118	x	131	131	131	x	127	127	127	127	127	127	127	x	x	139	x	120	120	x	x	x	114	x	137	x	137	x	x	121	x	128	128	128	x	x	129	129	129	129	129	129	x	138	138	138	138	138	138	138	x	130	130	130
122	122	x	x	134	134	134	134	134	x	x	123	123	x	135	135	135	x	116	116	116	x	x	x	140	x	140	140	140	x	x	x	124	x	x	133	133	x	x	118	118	118	x	118	118	x	x	x	131	131	131	131	x	127	127	127	127	127	x	139	139	139	139	x	x	136	136	136	x	x	137	137	137	x	137	x	137	x	128	128	128	x	129	129	129	x	129	x	138	138	138	138	138	138	x	x	130	130	130	130
122	x	134	x	134	134	134	134	134	134	134	x	x	135	135	135	135	x	x	116	116	116	116	x	140	x	140	140	140	140	x	140	x	132	132	x	133	133	133	x	118	118	118	x	118	x	141	141	x	131	131	131	x	x	127	x	127	x	139	139	139	139	139	139	x	136	136	136	x	136	x	137	137	137	137	137	137	137	x	128	x	129	129	129	x	138	x	138	x	138	138	138	138	138	138	x	x	130	130	130
x	x	134	134	134	134	134	134	134	134	134	x	135	135	135	135	135	135	135	x	116	x	x	140	140	140	140	140	140	140	140	140	140	x	x	133	133	133	x	141	x	118	x	141	x	141	141	141	141	x	131	x	147	x	x	139	x	139	139	139	139	139	139	139	139	x	136	136	136	136	136	x	137	137	137	137	137	137	137	x	x	129	x	x	138	138	138	138	138	138	138	138	138	138	138	138	138	x	130	130
134	134	134	134	134	134	134	134	134	134	x	135	135	135	135	135	135	135	x	x	x	140	140	140	140	140	140	140	140	140	x	x	x	x	145	x	133	x	141	141	141	x	141	141	141	141	141	141	x	x	x	147	147	147	x	139	139	139	139	139	139	139	139	139	x	136	136	136	136	136	x	137	137	137	137	137	137	137	137	137	137	x	142	142	x	138	138	138	138	138	138	138	138	138	138	138	138	138	x	130
134	134	134	134	134	134	134	134	134	x	143	x	x	x	135	135	135	135	135	x	x	x	140	140	140	140	140	140	140	140	140	140	x	145	145	145	x	x	141	141	141	141	141	141	141	141	141	x	147	x	147	147	147	147	147	x	139	139	139	139	139	139	139	139	139	x	136	136	136	x	137	137	137	137	137	137	137	137	x	137	x	142	142	142	142	x	138	x	138	138	138	138	138	138	138	138	138	x	x	130
134	134	134	134	134	134	134	x	134	x	143	143	x	149	x	x	135	135	x	x	x	140	140	140	140	140	140	140	140	140	140	x	x	x	145	145	x	141	141	141	141	141	141	141	141	141	x	147	147	147	x	147	147	x	x	x	139	139	139	139	139	139	139	139	x	x	136	136	136	x	137	137	x	137	137	137	137	x	158	x	158	x	142	142	x	138	138	x	138	138	138	138	138	138	138	x	x	146	x	x
x	134	134	134	134	134	x	159	x	143	143	x	149	149	149	x	135	x	x	x	140	140	140	140	140	140	140	140	140	140	140	140	x	145	145	145	145	x	141	141	141	141	141	x	141	x	147	147	147	147	x	147	147	147	147	147	x	139	139	139	139	139	139	x	139	x	136	x	136	x	137	x	157	x	137	x	x	158	158	158	158	x	142	142	142	x	138	x	x	138	x	138	138	138	138	x	x	146	146	146
148	x	134	134	134	x	159	159	159	x	143	x	149	149	149	149	x	149	149	x	x	140	x	140	140	140	140	140	140	140	140	140	140	x	145	145	x	155	x	141	141	x	x	152	x	x	x	147	147	x	147	147	147	147	147	147	147	x	139	139	139	139	139	139	139	139	x	151	x	x	x	157	157	157	x	x	x	158	158	158	158	158	x	142	142	142	x	x	x	x	x	x	x	x	x	154	x	146	146	146
148	148	x	134	x	159	159	159	159	x	x	149	149	149	149	149	149	149	x	144	144	x	140	140	x	140	140	140	140	x	x	140	x	145	145	x	155	155	155	x	x	152	152	152	152	x	x	147	147	147	147	147	147	147	147	147	x	139	139	139	139	139	139	139	139	x	151	151	x	157	157	157	157	157	157	x	157	x	158	158	158	158	x	x	142	142	142	142	x	x	x	154	154	154	154	154	154	x	146	146
148	148	148	x	159	159	159	159	159	159	159	x	149	149	149	149	149	x	149	x	x	x	x	140	x	x	140	140	x	160	160	x	160	x	x	155	155	155	155	x	152	152	152	152	x	147	147	147	147	147	147	147	147	147	147	147	147	x	139	139	139	139	139	139	x	151	151	x	157	157	157	157	157	157	157	157	157	157	x	158	158	158	158	158	x	142	142	x	x	x	154	154	154	154	154	154	154	154	x	x
148	148	x	159	159	159	159	159	159	159	159	159	x	149	149	149	149	149	149	149	149	x	150	x	x	160	x	x	160	160	160	160	160	160	x	155	155	155	x	152	152	152	152	152	152	x	147	147	147	147	147	147	147	147	147	147	x	x	x	139	x	139	x	x	161	x	151	151	x	157	157	157	157	157	157	157	x	x	158	158	158	158	158	158	158	x	x	153	x	154	154	154	154	154	154	154	154	154	154	x
148	x	159	159	159	159	159	159	159	159	159	x	x	149	x	149	149	149	149	149	149	x	150	150	x	160	160	160	160	160	160	160	160	160	x	155	155	155	x	x	x	x	152	152	152	152	x	147	147	147	147	147	147	147	147	x	x	156	x	x	x	139	x	161	161	161	x	151	x	157	157	157	157	157	157	157	157	x	158	158	158	158	158	158	158	x	153	153	153	x	154	154	154	154	154	154	154	154	x	163
x	159	159	159	159	159	159	159	159	159	159	x	166	x	166	x	149	149	149	x	149	x	150	x	160	160	160	160	160	160	160	160	160	160	160	x	155	155	155	x	x	152	152	152	152	x	147	147	147	147	147	147	147	147	x	156	156	156	x	161	161	x	161	161	161	161	161	x	157	157	157	157	157	157	157	157	157	x	158	158	158	158	158	158	x	153	153	153	x	154	154	154	154	154	154	154	154	x	163	163
162	x	159	159	159	159	159	159	159	159	x	166	166	166	166	x	149	149	149	149	x	150	150	x	160	160	160	160	160	160	160	160	160	160	160	160	x	155	155	x	152	152	152	152	152	152	x	147	147	147	x	147	147	147	x	156	156	156	x	161	161	161	161	161	161	161	161	x	157	157	157	157	157	157	157	157	157	157	x	158	158	158	158	158	158	x	153	153	153	x	154	154	154	154	154	154	154	x	163	163
162	x	x	159	159	159	159	159	159	159	x	166	166	166	x	166	x	149	149	x	x	150	150	x	160	160	160	160	160	160	160	160	160	160	160	160	160	x	155	x	x	152	x	152	152	152	152	x	x	147	x	x	147	x	x	x	156	x	161	161	161	161	161	161	161	161	x	157	157	157	157	157	157	157	157	157	157	x	158	158	158	158	158	x	158	158	x	153	153	153	x	154	154	154	154	154	x	163	163	163
x	159	159	159	159	159	159	159	159	x	166	166	166	166	166	166	166	x	x	x	150	150	x	160	160	160	160	160	160	160	160	160	160	160	160	160	x	167	x	x	x	x	x	152	152	x	152	x	x	x	168	168	x	168	168	168	x	x	161	161	x	161	161	x	x	161	x	x	x	157	157	157	157	157	157	157	157	x	158	158	158	158	158	158	158	x	153	153	153	153	153	x	154	x	154	x	x	163	163	163
165	x	159	159	159	159	159	159	x	166	166	166	166	166	166	166	x	x	178	x	x	150	x	x	x	160	160	160	160	160	160	160	160	x	x	x	167	167	x	172	x	x	x	152	x	172	x	x	168	168	168	168	168	168	168	168	168	168	x	x	173	x	x	173	173	x	x	x	157	157	157	157	157	157	157	157	157	x	158	158	158	158	158	x	x	170	x	153	x	153	x	x	x	x	x	x	171	x	163	163
165	165	x	159	159	x	159	159	159	x	x	166	166	166	166	166	166	x	178	x	x	x	164	164	x	160	160	160	160	160	160	160	x	167	167	167	167	x	172	172	172	x	172	x	172	172	x	168	168	168	168	168	168	168	168	168	168	x	173	x	173	173	173	173	173	173	173	x	x	x	157	157	x	157	157	157	x	x	158	158	158	158	x	170	170	170	170	x	x	x	174	x	x	x	x	171	171	171	x	163
165	165	165	x	159	x	159	x	159	x	166	166	166	166	166	166	x	178	178	178	178	178	x	x	x	x	x	160	x	160	160	160	160	x	167	167	x	172	172	172	x	172	172	172	172	172	172	x	168	168	168	168	168	168	168	168	x	173	173	173	173	173	173	173	173	173	173	173	x	x	157	x	x	x	157	x	169	169	x	158	x	x	170	170	170	170	170	170	170	x	174	174	x	171	171	171	171	171	171	x
165	165	x	176	x	176	x	176	x	166	166	166	166	166	x	x	178	178	178	178	178	178	178	178	x	x	177	x	160	160	160	160	x	x	x	167	167	x	172	172	172	172	172	172	172	172	172	172	x	168	168	168	168	168	168	168	168	x	173	173	173	173	173	173	173	173	173	173	173	x	x	x	169	169	x	169	169	169	169	x	170	170	170	170	170	170	170	x	x	174	174	x	171	x	171	171	171	171	x	x
165	x	176	176	176	176	176	176	176	x	x	166	166	x	178	178	178	178	178	178	178	178	178	178	x	177	177	x	160	160	160	x	x	x	179	x	167	x	172	172	172	172	172	172	172	172	172	172	172	x	168	168	168	168	168	168	x	173	173	173	173	173	173	173	173	173	173	173	x	x	x	169	169	169	169	169	169	169	x	170	170	170	170	170	170	170	x	174	174	174	x	171	171	171	171	171	171	x	180	x
x	176	176	176	176	176	176	176	176	x	166	166	166	166	x	x	178	178	178	178	178	178	178	178	x	177	177	177	x	x	x	x	x	179	179	179	x	x	172	172	172	172	172	172	172	172	172	172	x	x	168	168	168	168	168	x	x	x	x	173	173	173	173	173	173	173	173	173	x	x	x	x	169	169	169	169	169	169	x	170	170	170	170	170	170	170	170	x	x	174	174	x	171	171	171	171	x	180	180	180
175	x	x	176	176	176	176	176	176	176	x	166	166	x	x	x	178	178	178	178	178	178	178	x	178	x	177	177	177	177	177	x	179	x	179	x	x	x	x	172	172	172	172	172	172	172	172	x	x	x	168	168	168	x	168	x	x	x	x	173	173	173	173	173	173	173	173	173	173	173	x	182	x	169	169	169	169	x	170	170	170	170	170	170	170	170	170	170	170	x	174	174	x	x	171	x	180	180	180	180
175	x	185	x	176	176	176	176	176	176	176	x	x	178	x	178	178	178	178	178	178	178	178	178	178	178	x	177	177	177	x	179	179	179	179	179	179	x	x	x	172	172	172	172	172	172	172	172	x	x	x	168	168	x	x	x	181	x	181	x	x	173	173	173	173	173	173	x	173	x	182	182	x	x	169	169	169	x	x	170	x	170	170	170	170	170	170	x	x	174	174	174	174	x	x	180	x	180	180	180
x	185	185	185	x	176	176	176	176	176	176	x	178	178	178	178	178	178	178	178	178	178	178	178	178	x	177	177	177	x	179	179	179	179	179	179	179	x	172	172	172	172	172	172	172	172	172	172	x	x	x	x	x	x	x	181	181	181	181	181	181	x	173	173	173	173	173	x	x	x	182	182	182	182	x	169	x	197	x	x	x	170	170	x	170	x	x	x	x	174	174	174	174	x	180	180	180	180	180	180
185	185	185	185	185	x	176	176	176	176	176	176	x	x	178	178	178	178	x	178	178	178	178	178	x	184	x	177	177	x	x	x	179	179	179	179	179	179	x	172	172	172	172	172	172	172	172	x	x	194	x	x	x	181	x	181	181	181	181	181	x	173	173	173	173	173	173	x	182	x	182	182	182	182	x	x	197	197	197	x	x	x	x	183	x	x	x	195	x	x	174	174	x	180	180	180	180	180	180	180
185	185	185	185	185	185	x	x	176	176	176	x	x	x	178	178	178	178	178	x	178	x	178	x	184	184	184	x	x	193	193	193	x	179	179	179	179	179	179	x	172	x	172	172	x	172	x	194	194	194	194	194	x	181	181	181	181	181	181	181	x	173	173	x	173	173	x	182	182	182	182	182	182	x	x	x	x	197	197	197	x	183	183	183	183	x	195	195	195	x	174	x	195	x	x	180	180	180	180	180
185	185	185	185	185	185	185	x	x	x	x	x	186	x	x	178	178	178	178	x	x	191	x	184	184	x	x	x	x	193	193	x	179	179	179	179	179	179	179	179	x	187	x	x	194	x	194	194	194	194	194	x	188	x	181	181	181	181	181	181	181	x	x	189	x	x	189	x	182	x	182	182	182	182	x	197	197	197	197	x	183	183	183	183	x	195	195	195	195	195	x	195	195	195	195	x	180	180	180	180
185	185	185	185	185	185	x	x	186	186	186	186	186	186	x	x	178	178	x	x	191	191	191	x	x	192	192	x	192	x	193	193	x	179	179	179	179	179	179	x	187	187	x	194	194	194	194	194	194	194	x	188	188	188	x	181	181	181	181	x	x	x	189	189	189	189	189	189	x	200	x	182	182	x	x	197	197	197	197	197	x	183	183	x	x	x	195	195	195	195	195	195	195	195	195	195	x	180	180	180
185	185	185	185	185	x	x	198	x	186	186	186	186	x	190	190	x	178	x	191	191	191	x	192	192	192	192	192	192	192	x	193	193	x	179	x	179	179	x	x	x	x	194	194	194	194	194	194	194	194	194	x	188	188	x	181	181	181	x	199	199	199	x	189	189	189	189	x	200	200	200	x	x	197	197	197	197	197	197	197	197	x	x	x	x	195	195	195	195	195	195	195	195	195	195	195	x	x	180	180
185	185	185	185	185	185	x	198	198	x	x	186	x	190	190	190	190	x	x	x	191	191	191	x	192	192	192	192	192	x	193	193	193	193	x	179	179	x	x	x	205	x	x	194	x	194	194	194	194	194	194	194	x	188	188	x	181	x	199	199	199	199	199	x	189	189	x	200	200	200	x	197	197	197	197	197	197	197	197	197	197	x	x	x	195	195	195	195	195	195	195	195	195	195	x	x	196	196	x	180
185	185	185	185	185	x	198	198	198	198	198	x	x	190	190	190	190	190	x	202	x	191	x	192	192	192	x	x	x	193	193	193	193	x	208	x	x	x	x	x	205	205	x	x	194	194	194	194	194	194	194	x	188	188	188	188	x	199	199	199	199	199	x	189	189	x	200	200	200	200	200	x	x	197	197	197	197	197	197	197	197	197	197	x	x	195	195	195	195	195	195	195	195	195	195	x	196	196	196	x
x	185	x	185	x	198	198	198	198	198	198	198	198	x	190	190	x	x	202	202	202	x	202	x	192	x	204	204	204	x	193	193	x	x	208	208	208	x	205	205	205	x	194	194	194	194	194	194	194	194	194	194	x	x	x	x	199	199	199	199	199	199	199	x	x	200	200	200	200	200	200	x	197	197	197	197	197	197	197	197	197	x	x	x	195	195	195	195	195	195	195	195	195	195	195	195	x	196	196	196
x	185	x	x	198	198	198	198	198	198	198	198	198	198	x	x	201	x	x	202	202	202	202	202	x	204	204	204	204	204	x	x	208	208	208	208	208	208	x	x	205	205	x	194	194	194	194	194	194	194	194	194	x	211	211	211	x	199	199	199	199	199	199	x	200	200	200	200	200	200	200	200	x	197	197	197	197	197	197	197	197	197	x	203	x	195	195	195	x	195	195	x	195	195	195	x	196	196	196	x
207	x	198	198	198	198	198	198	198	198	198	198	198	x	201	201	201	x	202	202	202	202	202	x	204	204	204	204	204	x	208	x	208	208	208	208	208	x	205	205	205	205	205	x	194	194	194	194	194	194	194	x	211	211	211	211	211	x	199	199	199	199	x	213	x	200	x	200	200	200	200	200	200	x	197	197	197	197	197	197	197	x	203	203	203	x	195	x	215	x	195	195	195	x	x	x	196	x	196	x
207	x	198	198	198	198	198	198	198	198	198	198	x	201	201	x	x	202	202	202	202	202	202	202	x	204	204	204	x	208	208	208	208	208	208	208	208	x	205	205	205	205	205	x	x	x	194	x	x	194	x	x	211	211	211	211	x	211	x	199	199	x	213	213	x	x	213	x	200	200	200	200	x	197	197	197	197	197	197	197	x	203	203	203	203	203	x	215	215	215	x	x	x	x	x	x	x	x	x	206
207	207	x	198	198	198	198	198	198	x	198	x	201	201	x	209	209	x	202	202	202	202	x	202	x	x	204	x	208	208	208	208	208	208	208	208	x	205	205	205	205	205	x	x	x	x	194	x	x	x	211	211	x	211	211	211	211	211	211	x	x	213	213	213	213	213	213	213	x	200	200	200	200	x	197	197	197	197	197	197	197	x	203	203	203	x	215	215	215	215	215	x	x	x	224	224	x	224	x	206
207	207	207	x	198	198	x	198	x	219	x	x	x	x	x	209	209	209	x	202	202	202	x	x	210	210	x	210	x	208	208	208	208	208	208	208	208	x	205	205	205	205	205	205	x	212	x	x	x	211	211	211	211	211	211	211	211	211	x	x	213	213	213	213	213	213	213	213	213	x	200	200	200	200	x	197	197	197	x	197	197	x	203	203	x	215	215	215	215	215	215	x	x	224	224	224	224	224	224	x
207	207	207	207	x	x	219	x	219	219	219	x	219	x	219	x	209	209	209	x	202	202	x	210	210	210	210	210	x	x	208	x	208	208	208	208	208	x	205	205	205	205	205	x	212	212	212	x	211	211	211	211	211	211	211	211	211	211	211	x	x	213	213	213	213	213	213	213	x	x	200	200	200	200	x	x	197	x	x	197	x	x	203	x	215	215	215	215	215	215	215	215	215	x	224	224	224	224	224	x
207	207	207	207	x	219	219	219	219	219	219	219	219	219	219	219	x	209	209	209	x	x	x	x	210	x	210	x	221	x	x	208	208	x	208	208	208	208	x	205	x	205	x	212	212	212	212	212	x	211	211	211	211	211	211	211	211	211	x	x	213	213	213	213	213	213	213	213	213	213	x	x	200	x	217	217	x	217	x	x	214	214	x	x	x	215	215	215	215	215	215	x	x	224	224	224	224	224	224	224
x	207	x	x	219	219	219	219	219	219	219	219	219	219	219	219	x	209	209	209	209	209	209	x	x	221	x	221	221	x	x	x	x	208	208	208	208	x	216	x	216	x	212	212	212	212	212	212	x	x	211	211	x	211	211	211	211	x	x	213	213	213	213	213	213	213	213	213	x	x	x	x	x	217	217	217	217	217	217	x	214	214	214	x	x	215	215	215	215	215	215	215	x	224	224	224	224	224	224	224
218	x	x	219	219	219	219	219	219	219	219	219	219	219	219	x	x	209	209	209	209	x	x	x	221	221	221	221	221	221	221	x	222	x	208	x	x	216	216	216	216	216	x	212	212	212	212	212	x	x	x	x	211	211	211	211	x	x	213	213	213	213	213	213	213	213	213	213	213	x	x	217	217	217	217	217	217	217	217	x	214	214	x	215	215	215	215	215	215	215	215	x	x	224	224	224	224	224	224	224
218	218	x	219	219	219	219	219	219	219	219	219	219	219	219	219	219	x	209	x	x	220	220	220	x	221	221	221	221	221	x	222	222	222	x	x	216	216	216	216	216	216	216	x	212	212	212	212	212	x	223	223	x	211	x	211	x	x	x	213	213	213	213	213	213	213	213	213	213	213	x	x	217	217	217	217	217	217	217	x	214	214	214	x	215	215	215	215	215	215	215	215	x	224	224	224	224	224	224	224
